28782
31088
20155
30611
21970
30703
17792
16836
23556
26192
27062
12372
759
3275
19080
7769
24507
31040
5923
13268
6562
6091
9477
25313
17057
14746
11128
17713
3832
32251
22617
28090
12309
20921
8734
685
22198
30889
31512
13225
8271
21888
18932
24622
29611
25575
19336
596
4309
6354
16845
12733
22585
7437
5159
21192
3335
5655
17645
17927
5848
28980
24613
11252
1684
25790
18319
4319
25235
7100
32742
5419
32258
16310
25442
26042
24457
21703
23937
6310
31530
7155
5127
16946
17261
28603
8515
22016
21946
20207
17301
10372
17926
2500
9773
9400
19890
17702
10005
2577
25007
18511
15986
18098
29671
18585
27399
16865
25560
10128
18426
10935
25218
22348
12251
7963
19844
22782
4322
16113
17794
2504
22136
32654
969
12754
3065
21359
13110
2458
7353
31275
20564
10635
21829
3239
21700
6098
2539
6537
12770
26733
1660
26095
24229
9092
11088
9824
31943
26109
23435
17411
22822
28747
8351
526
19307
6022
10002
6018
14569
19649
30850
4374
16072
11928
5862
3952
18274
22792
23830
13723
3821
26500
18574
23478
23387
23876
4206
23017
27518
26593
11718
32670
24944
12319
14609
2797
11314
11529
16639
13399
13459
11588
32376
8888
20819
2717
2525
23415
18057
15332
30097
768
21570
14589
29112
372
6251
25908
23870
24478
18417
29649
26651
28714
806
31468
10966
6417
18791
10371
22344
20824
20476
19914
26275
9978
16447
13506
26803
24867
8448
29709
22627
4766
28457
13569
6530
12433
10654
8187
967
360
21607
25334
7955
30735
14097
1628
29943
20324
23121
1051
7030
31212
2283
21756
23820
14788
22482
26673
8687
29915
31121
14636
32404
6495
24809
30648
2933
9845
30396
30274
27154
11565
26410
21111
6965
23989
18937
3093
2683
29901
10810
32250
29456
7546
12585
28034
442
6911
30806
9231
22553
20233
18178
18153
21805
28714
16076
24905
18200
1160
15245
21680
27173
29911
27264
9085
22794
19332
23718
18879
21098
29747
6248
6216
30622
3948
28287
17923
26805
11921
5649
11143
25017
3092
21532
23787
15668
5094
12824
5596
32755
20531
2008
11246
21002
3660
23730
31536
2329
20453
25567
259
10189
23680
6180
6444
30377
1833
15026
4391
6662
31844
14668
1470
18776
11364
16295
16091
2996
9597
30742
32155
7567
29404
16231
28835
25545
21366
20487
17079
4074
23870
10349
30601
22955
24731
12470
2766
29112
8217
25485
1431
4532
12383
32334
32223
19837
5217
31851
13408
2482
27094
25102
17580
15219
14829
6656
7032
21864
16955
27337
10043
1541
18936
18201
30456
11020
22380
32102
15191
7763
22948
2775
24059
16327
6761
5473
8976
24753
3187
20784
2339
29752
18905
21832
23351
10535
22220
9068
10517
20721
31877
26430
6627
14323
20604
12457
19704
21240
15323
11644
15599
26114
5938
9815
22778
2120
11884
17099
18553
10619
16642
22717
3276
31821
21102
19211
30053
27188
24291
15219
6689
29803
18491
5040
20440
9787
3889
10725
19251
31864
11472
1087
26045
26190
8235
32726
14653
17214
1103
24277
1348
611
17014
475
4866
18170
13437
20641
2909
13857
19352
5596
29509
20959
3909
21093
16961
1381
2174
19351
18254
18067
27955
22776
20458
28862
8183
13596
17772
15537
22522
21959
13462
31217
1335
3922
29549
27974
17646
1872
22856
30838
31317
14961
15656
28500
24459
6566
11847
15865
8909
645
6900
17490
25580
5872
22941
2779
9726
14321
18478
13481
2388
10217
30106
21166
25005
6122
2486
31801
31913
9313
24398
20668
11393
1272
1139
18130
27380
29626
5394
27776
10373
3960
9163
31931
7139
15724
9471
28203
9641
19997
4139
24367
7239
27010
11125
801
5184
1642
13701
29915
30871
28956
24982
4730
1923
9530
22989
18018
1898
32491
15305
24962
18445
1848
17275
27353
17409
24503
6200
2104
30302
4455
28684
25674
14523
17116
32082
13779
15705
6556
23169
19509
31134
19144
26697
17720
5317
7935
20959
20490
11989
28031
11157
8581
5071
21133
24493
32177
12076
9496
23919
31370
21382
28569
15993
24579
10902
28733
22103
18762
24926
25670
24659
27470
25767
8878
16270
9343
16814
18958
1360
14804
32539
1471
12701
25875
562
11839
25097
6221
21581
18646
25293
6823
23690
10873
22041
25185
25025
16878
26028
20496
26809
19761
12963
12078
17051
32279
30606
8149
24486
21041
4297
19912
14885
8691
24330
6323
28062
11029
14390
4532
20045
6714
23161
29209
5328
22480
5525
28524
29220
7223
7802
4269
8144
3877
16664
26846
16480
30281
25713
23237
9237
14126
5362
18925
17883
12387
2307
23790
5243
11737
21469
13550
23570
31884
15003
15976
25538
24933
24468
32556
5031
30559
14313
1447
14093
14570
32602
23909
12000
14477
7774
11476
10339
19662
13938
24651
11301
13142
18609
1610
6450
28497
10917
16644
24710
26388
15709
28954
5319
1282
6847
32170
8755
24496
11552
23944
17111
11591
25874
17867
769
1578
381
8588
27129
15065
7666
14058
6892
16662
31547
7505
553
31814
13879
26877
25232
25881
24805
12217
22342
21613
12734
19181
7598
30064
15688
31447
15253
8965
28136
20249
21933
13418
11767
30836
19005
32023
30745
26579
25622
1001
16842
24203
14793
13695
29754
21473
3351
5605
26459
21453
16041
13679
4920
15101
10754
27880
27528
29725
32177
9452
6531
6742
25547
11411
2036
9492
3736
25424
30096
269
32141
14872
390
14975
3706
20422
26199
7352
12037
11454
22248
27356
16983
25040
12758
5603
3861
3680
32521
5089
18834
4548
27532
15498
3651
27630
14235
20213
24691
4427
19198
1184
311
13802
25494
21941
12965
21473
4662
21131
15169
28909
31156
13936
15800
26456
1087
6054
14545
13856
754
22699
17312
7253
27562
16061
23037
963
10517
20894
19764
32465
12556
26773
11518
23977
21795
2229
15536
7833
382
30817
18611
15801
24038
11280
28724
10191
1307
28750
14108
21615
18028
29956
29763
19303
9606
7672
28640
6490
3210
15511
17989
30634
25698
5875
25289
11163
1876
24584
9989
24758
16855
1347
4675
620
21926
30021
32051
22780
13076
17380
15840
28055
23711
20338
18403
31169
10439
19266
7382
26106
22049
21353
8460
7070
9639
28098
10367
11786
28498
7221
20490
7936
25835
25656
30425
16973
30494
28565
27677
1192
4304
10862
9476
6622
7346
639
3816
22060
2326
11172
20935
14060
15874
3483
5875
24181
14723
16138
10250
1852
17988
12740
31273
12863
95
29768
31069
5283
7283
11403
10330
2203
9463
12279
26736
1421
8654
23731
32186
25456
24091
6181
9113
28025
16470
5813
17760
2038
26784
20692
12113
28026
2387
18749
19401
18234
11742
2171
16567
9399
25552
29100
338
5789
31282
21636
10252
28907
19226
24725
11457
30805
17277
24013
19253
32487
7493
20032
11709
13290
32675
23847
12348
11019
31143
16169
20305
24250
2830
26586
6095
12753
12123
14466
10862
13430
7977
3103
10176
12354
15295
17581
6246
16291
22757
15780
9603
29822
22774
18371
13681
21017
20279
4620
16563
7737
7271
9232
29483
19847
14743
19820
28045
3896
9532
11924
15124
15341
9859
16079
20340
11224
23268
29571
8463
14369
16890
27827
13163
27528
15250
19142
9700
9803
11266
4490
6814
14666
15036
15480
2494
15465
24354
26682
21722
9270
12188
13674
11949
23244
9960
18589
11024
24567
21426
2976
2854
13464
9829
5121
6614
5451
20800
21201
11390
18504
28332
29097
7141
647
25037
235
18802
10280
9559
23370
1180
27665
31907
25229
25762
4825
15106
31119
27260
23781
5457
24459
32529
23504
12749
20630
8618
14096
27177
3949
23207
9175
29662
15473
18033
5176
25283
7664
19631
24971
14813
15782
22461
30226
32376
32644
8281
14813
374
5552
24992
18154
21224
30156
2362
10385
5083
13179
14289
10783
6772
25633
9671
30914
7232
28651
16424
7333
21189
29712
4573
3419
20061
6742
19747
25985
27460
2519
2364
31135
7407
21765
2148
22096
927
2284
6663
27043
55
16823
27953
23488
14922
26742
26438
23247
19577
32286
21235
24085
2812
6097
31588
9312
6270
28768
1976
29094
15662
13071
10930
20457
13331
25496
31409
22365
25247
1906
1506
16845
11912
29778
30388
19771
26067
26611
23692
12743
27954
19731
27835
11986
10383
20926
20397
29538
20969
13006
20066
26056
12895
24755
29730
3713
29066
24944
30829
10843
28432
5094
1330
10200
23158
14421
11585
5079
32054
25120
9985
14705
27410
14032
8038
31010
3239
7772
14622
6953
14405
18600
3083
8497
19710
11339
14582
23344
1021
25237
25986
17296
27674
1233
13406
26253
17323
28359
3519
22750
9372
2693
19470
407
14018
2399
8413
15182
23660
11829
17952
4220
3387
3316
20378
5927
21300
25439
12437
12222
7700
28432
18902
11077
24803
25785
5072
7345
11724
27824
14616
22934
17452
18603
13593
28159
17641
1736
19209
1949
261
26064
26908
7205
5747
20156
19447
20211
20265
1912
30311
23027
30326
744
20819
32193
6294
29225
2031
15631
24708
31513
29747
26440
2063
14361
12172
13938
3632
25873
7121
1113
10139
23989
30840
23274
7572
20743
22538
25565
3844
19997
2516
31639
18380
3621
19424
27470
8793
8102
22819
3694
10104
22281
10232
26427
24684
10327
27853
26296
3903
20036
13596
27592
16725
25197
11934
15764
28743
19166
28347
1324
9454
8407
20036
2673
20669
29904
11620
14386
20820
5050
13268
11157
21075
12680
24911
21177
364
7406
582
24217
18621
24680
23764
3124
860
29823
10740
2283
24627
26440
12018
30250
26382
7469
2847
20554
21490
3823
3529
15542
15537
10476
10346
845
13499
12190
20768
14088
25399
19813
26973
20957
16210
11654
31968
18403
26327
18547
27876
21942
17153
17741
23447
3613
28557
5287
27597
27370
6162
10381
10486
25890
16277
28100
11085
22622
9816
27220
19539
13681
16884
9540
32636
18507
31655
15269
9000
5406
10479
18130
24020
4287
29272
30709
23442
14414
7314
3277
32694
19481
26566
431
24275
12734
31018
9419
5350
16784
724
28337
19408
828
7628
17428
1546
7597
2660
1229
404
32300
19148
3106
18222
31436
19425
1609
14795
29701
4166
16168
14915
14751
4534
20063
13128
14033
19608
17544
8603
10667
10708
15805
27775
27057
15078
32091
8815
457
31793
30470
28172
8535
4501
26862
22361
10406
12611
27472
9514
21642
12496
6463
29402
19779
26761
13988
20029
7333
24839
30596
29141
20342
32515
19585
28489
17944
8555
22692
24082
30823
26036
29785
25208
12517
1651
25019
8381
789
2087
5650
28824
292
10329
15514
25829
29902
17128
22151
31642
8064
8606
7237
2557
17850
27142
1028
14612
2488
7554
4468
9821
22865
24472
21197
31936
29471
30349
12051
6594
18144
14901
27032
4859
13596
25865
32450
12234
29193
31610
15886
11079
4011
15749
17749
21113
29503
22152
16719
21194
14810
16212
5973
19639
20558
1667
23659
32460
16973
29452
15741
7376
1233
13588
15593
10045
16314
6407
26942
22259
23225
28904
28995
28972
20846
10213
14652
6067
4813
13359
21864
26961
28614
23304
3534
1672
23845
31518
20282
20100
3255
20759
11650
26703
8622
27245
23309
27716
1094
14972
14742
16838
6313
1497
26670
1330
23824
6118
29312
2577
13100
30371
1369
19859
22724
2247
19560
27961
21407
25104
23874
30161
21668
10711
21416
7847
22080
20455
781
17658
31240
911
24915
15277
27040
8438
3798
17215
16091
2223
8107
15869
14115
5517
2602
29814
13852
9401
24233
32304
23428
25601
11403
8857
12382
23155
14458
17984
12111
24363
26608
14405
11336
29289
1532
29711
24421
11495
17731
11068
5909
14697
9029
11230
21884
3221
4321
30436
23829
20229
1051
6870
28828
11675
22302
9926
18987
1044
6269
18819
3491
5600
12478
28943
14925
18737
281
32339
24513
6227
24445
24850
6663
11579
5076
12316
6397
23394
14984
4548
14072
27604
12358
2195
25262
28547
27394
30782
24660
3042
25659
30422
9731
30127
30848
15935
22368
3600
24627
20963
9340
21986
9613
11431
4089
11086
15330
2847
24687
1437
7206
9725
16653
9037
2737
28880
21892
24164
27199
12523
17696
6916
16443
162
312
1088
20029
4797
19145
2862
25809
18982
15198
23613
21370
31205
21811
16073
6646
24910
24217
4845
16068
14457
3228
24985
28388
24819
16612
13028
19166
3763
24281
7843
1285
32080
31755
19258
13565
1393
28624
20146
1147
9860
1583
9740
6476
22707
23036
14037
24729
15123
6725
3835
8041
29215
16109
22239
27751
19046
28823
10667
30438
29568
10181
18406
16162
26438
18241
22598
9160
20803
13757
10949
26809
2661
15030
12790
6923
31992
8862
9882
30289
1237
28217
2415
12061
8151
4424
30536
18115
655
1125
866
19551
25913
11822
3062
12057
7406
26533
15627
1447
21787
8151
13710
28436
32049
25276
676
28864
16030
18271
25919
30121
3837
2366
5616
21224
12937
20724
31484
30079
17112
28693
1201
7505
3526
5210
9210
18802
24751
13822
3890
14753
5089
17767
18742
10515
27216
23561
7870
9843
6540
29832
3565
11558
3569
28188
19494
25555
16157
24378
24098
9251
10408
31601
30271
12229
15119
4242
3355
14006
22768
24339
26722
4799
13437
20917
996
23615
8491
22629
4331
15402
11690
27232
32715
8018
6682
29595
18362
12005
32380
12642
24802
12855
13670
16959
9397
15810
24315
27933
2177
21356
4123
25517
26180
22536
471
1033
18369
542
21800
23960
26579
9711
16096
32049
24066
692
12256
17539
10324
29991
19852
20660
1893
13124
20092
13384
24762
30033
3956
2117
6995
12316
29847
6292
10879
17540
27351
12203
15093
18490
7600
17769
13855
19401
13590
5441
4025
16852
12204
24475
4507
27551
11574
23159
6611
28370
15697
5460
32503
30841
1634
21584
3770
4430
22732
9872
23228
1851
614
15330
18343
4123
30252
15777
4727
2497
7220
11994
16409
31547
24036
6060
11064
15191
16995
32757
9300
24679
12109
32043
22548
23874
8619
22407
28637
28555
29474
2665
8355
17206
32618
9208
7167
28487
15874
18440
6018
12253
9250
23106
24138
368
25330
4990
8402
343
22009
1652
30478
14221
13784
22420
18616
11700
25400
11314
4069
30554
24065
5350
10715
3964
15564
30515
10790
12104
14492
14950
25577
551
8392
15297
7539
23291
19260
19929
8722
20133
21730
18237
9772
22475
18010
25688
12683
26584
28913
153
1017
2372
6097
27345
10253
30485
14709
22748
10308
19878
3424
16003
6739
14503
2575
2977
29884
16997
1836
5509
25248
10315
20484
12184
2516
22697
14907
14143
30519
32181
5310
5891
9538
14800
762
1264
20704
30986
6220
58
4224
31719
18360
21031
24937
32612
31709
5672
8014
9781
27432
3401
6691
1873
31817
16588
15919
1456
20195
14353
609
21843
15496
17850
4327
20870
26084
12300
24061
2146
8248
14487
8451
8085
22283
18201
25555
30310
13852
15264
7249
10483
12186
11247
1092
22717
12951
4131
9060
24167
9659
8854
16307
18619
31285
30468
10257
19694
27383
3308
3339
3109
15395
24889
23541
21047
3776
17186
20536
12725
7346
28751
12012
8488
28905
15421
24746
32153
28632
18147
23963
5719
17449
1686
8149
9716
943
10538
4072
23697
8348
4186
8115
24411
31476
28009
1917
24918
9793
16394
22849
14682
14217
15486
24136
6491
12157
23804
29437
19181
21747
8789
21758
5382
5014
18392
5999
12038
13020
28275
12691
25846
31033
796
23453
20749
3987
25711
11715
20089
14581
2969
13717
2396
12935
15476
30093
20500
20414
243
743
2495
9936
29633
13746
30206
24939
7717
7976
6650
1446
27945
14907
32421
19256
507
2672
9283
20711
24979
7408
20264
17988
18326
8157
4547
23958
8315
994
14299
6676
28396
23566
30489
20055
8303
28642
2247
24334
5445
13224
4311
7668
24466
6919
30247
20735
32191
31189
4099
14810
5149
26412
19692
12694
27083
22208
13975
11421
11481
23663
30521
15079
16813
19994
17410
22640
8614
14260
20711
8681
3328
21912
12709
16813
5112
2336
19459
10488
15152
31603
16215
26963
16212
25246
25931
16979
15358
7399
20449
14211
14807
5725
26805
17055
26624
11444
5507
30211
1200
1360
1512
9058
14622
2464
3693
23227
27809
32173
13505
21897
21269
25843
20806
8763
14978
10607
27087
9187
23544
14585
10665
14898
13245
3284
6872
9636
9387
20356
1186
31736
27347
5343
4946
16611
8550
22631
11574
30469
24534
13783
6378
15644
12856
4092
22744
19320
28909
6598
24576
26031
15233
30111
1013
5265
6867
24315
20520
15454
3702
4657
7785
25399
2392
26249
6315
15315
8609
20118
2056
18547
30686
12998
5381
10776
6495
23095
23830
28659
25053
21964
357
31517
8289
8577
4815
19080
864
28667
32559
17206
4139
21604
25568
18600
10631
15989
27005
14746
27031
31956
3307
9453
21251
14753
31130
19173
7507
9547
22791
16020
8348
17321
15238
15254
9311
3910
32318
1023
5550
26364
21109
23186
26768
31172
18958
27956
10407
9420
3407
17312
32016
30666
7656
1627
9099
21393
19249
12779
9948
22241
15284
2628
21617
3460
12267
25219
13636
5526
25163
3294
3587
12069
10369
1755
10863
27130
14843
13761
30722
26037
16298
18252
13268
22560
4358
2725
12223
19901
16979
21905
29377
22689
26659
18921
14499
8581
13341
3914
5336
3867
20220
21773
15528
30622
5083
12410
15502
4269
4271
11064
7390
4441
28693
5640
14762
14973
12366
29620
20967
14670
19335
4161
4556
6194
13662
6252
7291
12758
20899
17749
22755
23162
18523
28789
1509
13200
23307
9173
22965
23942
7987
31362
12420
31712
16920
25916
3676
16265
14790
10094
30795
27499
1878
8291
26819
1853
28269
13494
25409
13468
17925
27658
27437
23134
18032
5884
25089
6691
30873
4438
4270
17452
10894
29829
24636
15729
3387
20046
1456
3053
24440
12220
9522
32061
19015
10333
12399
7017
21078
430
1085
25602
716
20179
2429
30061
13634
9355
23878
9854
6926
3428
17472
15433
27592
3627
27981
12852
23815
20135
18287
18513
18284
14983
28390
19435
7394
11928
30104
20063
5155
1595
2742
15917
11647
7447
17821
5711
29913
6411
6138
6090
9458
4198
11058
16770
4074
24667
11521
31314
28931
18351
20321
8540
2985
6581
32685
30878
15279
7548
6406
7623
23260
27975
5622
1352
8102
27197
1363
11181
22845
6242
18022
28974
11467
30406
20557
21377
14330
10237
2206
31219
15544
32462
27981
18359
14903
17199
5584
26750
5943
17266
20352
2888
16775
1465
22851
16249
26313
11695
616
10287
10871
27258
12498
31187
32035
235
4697
30190
30979
17912
32109
22846
26540
7533
17660
28682
21790
20702
918
17586
21505
21216
8656
7306
22318
17017
7142
14056
17521
17108
19108
636
9357
31545
13190
15584
5249
21309
9246
12400
23562
16182
7350
1116
19817
12530
20023
21244
21094
169
12105
31331
19093
25135
27836
23350
7896
14958
14631
31167
11813
26900
16334
13629
30602
23177
16073
2430
9582
30244
3171
3760
24089
15518
3009
11125
32119
10951
21700
11573
7192
13431
4911
15032
1916
27592
24845
21748
3982
10370
8269
23075
19822
17367
6064
16153
18291
15441
22245
29397
5745
22024
9714
8278
28727
2840
981
17072
15196
24658
30827
16222
4156
29234
15762
31450
19261
19985
906
7019
5207
27548
21666
28222
32723
23173
23568
8889
11346
30841
5152
20492
530
17233
8081
30985
30573
7052
21051
565
32418
2813
11510
19999
216
25537
20664
29680
2656
19316
11517
17476
3131
1700
28012
4152
22236
6278
27319
26308
12846
2792
8899
15436
14041
29287
31753
12401
19650
738
22588
26157
29392
18479
14891
8735
13302
22284
746
8995
28014
2648
2604
26918
19010
8323
5620
24121
6161
19779
30061
5603
22800
5000
17173
5820
14159
31667
4641
25143
15678
31234
2846
11968
30575
6479
15316
2055
25501
15867
7791
18843
20718
5413
7137
10170
5493
1055
3458
14952
15611
11298
505
16062
5375
22080
18784
645
14843
23451
3235
11779
2537
24021
29737
24597
8198
25543
8631
20606
15830
11894
401
27775
17768
23106
14050
8616
10459
8289
10077
19181
29473
19596
27173
29692
19971
15096
7658
26318
10597
29320
27221
14204
26572
12097
12455
16981
13341
28926
12189
20525
25768
25189
7830
21751
3940
11289
1015
31895
13180
2097
19151
31217
7179
10730
23479
19526
24612
19864
15613
28352
9238
1251
32257
9803
32750
4911
29150
24999
12093
28252
32077
24507
28187
14256
31687
4141
10091
16657
32746
25135
22625
29304
29470
30108
19778
9122
22648
25155
7019
15881
14047
2435
31893
15122
28269
9752
28503
21128
32023
3636
16620
27977
30353
23505
25655
12351
13164
28486
14852
13202
31618
25
11921
14876
12179
12309
20557
32030
13872
21660
17375
24625
12248
27198
14698
8575
13922
26250
18192
23090
11162
23587
19637
25389
23343
9495
17669
29178
29645
1901
10168
516
7046
2045
16660
24071
9078
24453
8884
24004
7847
17912
4489
11257
24626
2073
5406
10384
9383
6985
3104
15127
27311
9117
27165
10608
16112
8244
652
18122
32561
12744
1294
3792
22719
12162
3827
287
1551
32275
30208
20734
4004
23808
12399
15689
5171
7741
32312
9391
23558
31742
14223
10782
15262
202
25774
32122
2460
13777
724
7317
11234
2943
6798
8284
32757
12369
2869
27214
8869
18920
12216
17971
23281
17500
16539
21514
11301
11218
5952
20035
21317
17489
13926
46
13230
21457
15343
180
30459
21141
8166
1349
25638
30139
25792
24849
12783
18450
7394
1147
22658
17707
26980
4298
9812
10931
22037
21538
7246
29695
14015
16820
21805
13289
27052
14897
31785
16603
9064
14468
5844
26409
10185
14016
9798
5540
5165
24407
25463
14444
7939
24206
6892
13829
28813
26669
27542
17069
30947
17787
27895
32237
26428
32617
134
3695
9833
30990
21077
12303
674
3667
19697
26676
23685
2800
1161
21601
3420
3479
23891
18183
24735
11118
28972
9886
18106
26563
30847
17139
9487
21500
14951
5316
26431
27596
18456
7050
13733
429
1915
19862
29988
20362
20760
20063
29731
32699
9529
24347
26837
16951
15436
15756
9406
16901
30346
25885
8563
3828
28374
26157
19105
20364
13544
18347
10576
20292
29354
9955
21609
15606
226
2455
19062
11663
12050
5714
6314
14091
17052
9977
29473
14241
28970
27043
8808
7482
23117
938
27200
16680
17509
27395
19871
11285
8384
27082
21496
22073
6918
33
13244
14289
14292
6203
1569
15820
18087
16564
26658
30407
11004
24868
11463
3131
16565
7411
1190
23541
24511
22639
16042
17863
17138
5147
1555
382
22072
4682
16830
4371
12274
31469
30887
8998
14743
29098
24492
31143
19358
21038
29844
10455
16543
1731
19023
17007
17333
11557
27263
16670
24102
32145
28728
18489
2118
10272
16388
2991
16792
7251
299
29755
29751
28399
15409
21469
10100
21003
17055
16010
17857
21351
17415
23331
31182
21759
13378
16548
26353
29664
26364
13214
16587
20795
1139
22503
1577
29112
15227
10895
25384
9996
21702
22551
32413
14286
2914
17118
14003
14726
20099
19932
4310
20744
20611
16274
24784
19712
1831
20801
27442
20173
292
15963
1782
30099
13537
26679
610
16267
11391
25096
20272
5534
13079
30992
14827
13619
26434
3345
12444
27717
22239
19717
23718
23480
2064
11278
5103
13293
4998
8880
25920
8084
13311
4158
17391
20673
28428
20626
5819
25666
15128
23041
11767
3889
18086
30607
25835
19141
17626
29534
29303
29293
25403
17773
11513
2080
19639
6783
17777
4846
24040
18264
15843
19420
28309
31791
7933
3310
21628
19553
12538
13957
846
24163
15302
32491
28156
22522
4707
24621
3377
23214
28043
6185
12063
9340
22935
28391
29823
10443
15263
14125
7891
13729
12771
15693
5103
30999
21353
6210
15031
31498
4840
4347
5418
24340
18661
5111
15264
698
10524
24850
7503
19431
10017
28063
10772
15258
3655
11446
18801
6363
20673
12751
17106
18419
20999
24976
31508
8668
12412
9444
11079
24567
21069
21069
29875
28669
14748
16763
30234
17464
25566
15645
17981
29683
14465
18167
30625
16431
19154
25141
2451
20631
29471
22527
27242
15542
792
10829
28428
13672
6523
10493
25524
25230
22769
23843
6642
18694
1587
16032
6131
19675
20848
26614
19714
9144
20211
15450
28495
19363
25345
13323
26351
23015
9472
17123
27173
13906
32223
3371
12000
5793
1457
24244
21892
20025
25755
6179
28909
17944
15089
1677
20402
12554
21660
22852
27302
20512
11199
10736
7333
23390
32410
19169
1933
25268
31918
20387
19082
15152
20257
979
28055
19569
101
17458
9793
21087
1813
28152
22958
26393
30751
22635
32735
26927
9256
3247
19506
4626
9260
12256
16171
20680
6501
21342
1395
15588
9327
8040
18465
13750
22441
3053
21049
447
10462
7070
12146
615
9765
19784
10301
20467
29189
14177
16130
20913
19165
481
4781
9845
8579
12883
19049
29001
812
32299
28331
24161
23180
5978
21363
29773
19518
10016
30671
1394
12901
27425
32416
21947
31636
10428
9376
18572
28907
27288
22436
11000
10115
15487
21279
28211
8461
22896
26088
26186
24501
32751
17725
24849
29005
24736
4359
10589
13735
23316
27999
19060
25666
31971
21842
10178
5417
30459
2785
15566
20761
32055
18508
6508
27874
17460
5777
28211
13327
4448
27951
15665
9929
4435
32559
734
20217
26723
22885
27471
28845
12658
13812
26540
6589
24331
10512
14308
21678
12974
2824
15519
726
15975
17283
9589
8641
9381
23049
20317
32724
2634
28614
26472
9264
28415
1675
9647
28122
24522
14614
13449
11800
14306
18579
6146
16926
25538
9059
10633
28649
23164
18715
31721
2668
16720
12240
15227
8426
28029
3730
24217
15779
14423
12598
14933
30642
22938
14681
20331
23606
15358
28833
25461
29360
11
4166
14942
24748
8495
8657
1049
28836
28942
23844
21139
33
23833
10171
11238
6435
12898
6449
3279
15043
21422
10502
28514
5399
5580
27039
10748
15446
13862
29838
14970
5948
8086
27668
20904
3248
29051
13796
13052
13477
32011
21290
15493
4158
11499
31180
11038
3381
2813
21232
28391
22653
22649
702
9206
17446
27711
23911
841
17538
19307
28006
24575
18566
12330
12038
1224
29042
29389
9508
1435
28085
2332
11062
22951
31498
4077
10380
20875
21480
4853
2262
15817
3097
1757
7655
22904
8360
10648
20152
19770
16129
15605
14256
24174
1876
20336
8226
7847
20026
1870
26904
12124
8603
9193
22863
28129
5327
10568
27266
7061
6147
27122
31723
22110
24287
25348
3592
30034
6758
7810
27547
7607
2589
4075
25588
9262
10351
7952
31346
3627
30288
21797
12104
18344
10785
24601
17789
24859
17875
24611
10807
27045
22608
13214
24888
14732
28182
13590
6825
16619
29989
8099
22038
11944
6172
3445
14011
935
21663
17585
27902
26173
20731
18044
22844
18920
13581
21588
19400
16189
2656
24487
1585
33
26517
6046
25028
3132
27400
2362
16210
27051
18608
1443
9268
24053
28487
17085
10379
13121
2219
27131
6860
24006
22917
2424
31869
5506
17448
6980
15417
14383
29372
5883
20730
1907
27803
16797
6808
5975
6907
12185
11148
250
206
11563
24570
11655
10726
232
26095
19812
5469
15512
6887
20396
7988
4163
25234
28128
11578
21391
23255
8153
9007
14665
4378
3073
25130
24897
7354
18371
22328
15451
17118
31808
23878
30435
1906
17220
30273
23841
20332
20600
8059
28205
30804
15065
17745
4357
2307
31336
6667
8157
24491
28195
21507
15798
279
32309
5898
10802
27956
11882
3335
1959
7377
13541
29153
18290
3235
26901
5791
12430
31116
7909
8142
13413
12828
16947
803
1509
8537
18052
2146
9943
30395
16118
20862
24428
3963
12918
11778
21529
1294
50
15791
11685
1260
26705
9831
1921
21909
3298
24906
6231
11478
32531
25374
18661
15176
11428
9204
11532
4379
16795
18952
4900
16401
21048
31722
7571
24269
24875
7643
6814
20814
5637
32378
3711
31415
14317
13984
9143
15441
16532
16520
30117
26066
7019
2611
26968
31456
25875
1802
2210
29137
16148
1222
4973
20405
3027
18317
15186
17814
9918
12637
15720
13054
27850
30894
20058
12730
10527
12883
3261
3806
14865
12962
28064
21769
595
2516
22372
19434
31335
8111
24270
4355
30297
12898
23130
11693
29613
15536
16338
20061
918
1872
32
32549
9577
27028
21857
4478
9552
32074
14138
3908
21315
18912
26991
24322
9780
10955
22705
32112
8074
29992
14776
28730
721
8356
7826
22019
13744
30618
30267
14250
23579
4732
10861
32460
1225
8820
20409
13706
31209
20299
7127
29580
2577
11401
5691
7237
23927
2526
14056
21113
11107
8896
26505
17661
25572
29014
6846
14527
8643
10389
28084
29702
30901
6569
2040
28410
29652
2198
11661
28006
22608
13343
14140
26045
98
5351
25899
22875
25218
6102
16305
526
6362
22462
31337
30933
31994
6718
3461
14823
11213
5095
31077
10743
1484
14238
26729
183
32625
5441
8963
15515
21999
2958
2576
991
31776
20800
2920
5835
21439
6522
17587
14134
1751
22377
18559
10569
5499
25894
14736
12677
27576
4569
12407
13319
5064
23332
8039
22795
22664
21951
10307
23216
27693
2399
6395
24571
26418
17373
537
2333
13204
10132
7063
4345
14402
30987
27636
10209
22735
28628
25991
27552
7531
3763
28178
8382
5905
18179
1178
4351
21506
27478
31094
13101
30833
13660
27815
23
20352
25350
1639
6362
26731
12010
7684
8799
5123
10218
17135
31269
22111
11280
23568
10305
8398
2749
20829
12963
26639
4611
29611
13722
27333
2895
5828
26011
15397
27467
4537
24126
26354
14594
6522
25225
15531
28742
10659
29297
9475
25422
28569
22942
401
24484
27606
7023
31177
6719
15745
24638
17195
9963
19522
18405
14778
32498
17492
17792
23728
23285
6364
26741
880
25627
121
14002
24252
110
8220
31798
6696
16001
22554
13267
12750
9302
26495
27954
20548
25984
22950
21527
18635
17541
29190
15590
457
9094
2639
23143
25466
2082
5814
198
7906
5783
17548
6622
24838
18474
26390
11958
18011
24778
9881
10828
8831
26608
9652
14738
28711
10441
4338
27831
32089
32151
19616
32167
10203
27221
13532
24533
15851
19097
9199
32056
22320
5823
13021
17555
14833
1092
26682
27898
8325
1392
18750
4754
29450
27704
284
4248
18778
13410
4752
15525
18747
14570
18359
26416
13526
22693
21540
17748
15723
20004
23856
10195
28226
16091
23697
9052
17381
17794
4399
3593
17292
31676
29235
30252
9945
18167
22624
30283
28613
27795
20902
2665
30939
12614
21236
19079
21924
1983
15439
11883
5986
4745
25377
16032
18944
32051
5843
22206
15690
28846
21405
23788
28250
9974
6045
4770
9554
25076
3623
25268
6993
18852
1373
20620
15519
30067
25087
27830
23339
9451
1412
29347
25912
27537
23145
29606
29779
21518
31433
13123
18568
16014
9518
6313
981
32358
29607
22909
14815
31481
2330
16857
10212
22492
10460
15765
10481
26680
27775
1733
14933
29040
3051
7554
9301
260
27568
27886
6945
22966
26011
16754
27655
15339
32648
29770
2791
3411
1142
28740
5095
9164
13281
29636
5479
14212
31564
13324
13880
16478
28189
17850
3080
17048
28589
28306
13857
20138
17312
17534
4180
14449
30834
15827
4655
18828
24659
5846
11895
29447
3125
12415
18130
16950
32035
19581
1987
7396
32724
19065
16603
2222
26240
19103
3374
425
5362
22875
24581
9291
4831
2144
18898
11912
6262
6383
2409
7227
18744
6998
15724
25288
4362
10167
18951
4095
22408
5130
18142
20548
32157
19301
2372
8173
22864
10875
7854
11244
9185
1380
19303
9646
3605
15004
24965
3651
28366
30541
1051
15550
16350
4305
10928
9183
23837
6002
30960
6895
14778
1653
16034
11756
32718
13656
13274
14566
20023
28247
17776
21161
2211
20021
1456
19100
28139
20792
5459
15849
26787
12662
6319
2014
19951
31311
3370
4500
32407
30011
4852
17614
7774
21446
32502
9763
21904
15064
18693
23136
20699
4922
10844
6952
29535
17238
73
24285
28424
13886
18214
14276
14108
21488
16779
11875
272
20185
8130
6958
18336
27287
15227
17251
1055
8195
15297
15667
4619
17007
13613
24354
28900
2604
6746
16048
22590
10320
4248
569
21014
18357
31973
2586
20322
8005
23833
13589
27371
31093
16736
17399
20063
21776
31213
8311
28066
822
19693
2914
3174
26276
18618
30197
16891
14390
1618
2698
28520
29865
28679
10360
23482
22438
24696
22324
27292
2044
11711
29884
8488
22830
29932
9013
27901
17965
14771
14802
24978
2406
11873
15609
24522
30207
14356
8609
23496
30302
812
24575
13572
21484
15357
6497
21662
11288
16326
21850
1523
13982
23015
6687
15727
16649
24910
25649
16802
886
18995
16700
27285
12956
5
4671
27486
29449
7076
14574
23026
4526
18896
13397
26939
9630
30178
28861
2410
32531
3257
20179
25231
1970
27640
9735
23910
30736
20847
17971
11892
1652
24278
15485
5971
29407
1473
24446
21067
5193
28624
26276
23586
19246
14118
4308
4148
32073
797
7764
19142
32416
23864
8681
1431
3008
21082
27964
8888
14666
13365
7298
22942
31918
3844
1372
31350
12855
10109
3324
31672
17480
5377
10634
1535
22501
19479
4806
29208
8820
11544
26094
27992
19653
27436
16610
14387
1873
24436
6278
13067
13247
7305
20072
11590
18349
22054
18851
10915
19628
28961
5891
4814
8588
20384
21609
32562
24795
11657
27505
6926
4264
8506
24403
18891
32652
5243
12807
1933
29420
18864
9389
14344
2680
16724
22315
22421
31991
5026
2840
17028
4679
4757
3545
1716
32415
18451
3593
29538
792
9317
24607
23359
30572
28907
30282
15557
8445
23310
4000
17610
31513
11125
25208
24406
21628
32124
17940
19122
26134
2786
8068
24769
18191
24513
5574
2707
25097
2756
20786
4664
20389
7572
18966
18130
14920
4499
27293
9966
12063
25805
2037
1301
96
812
30384
23197
7379
20459
15979
15557
146
25420
12462
10242
8973
20622
26388
5523
1616
2073
27820
3931
19337
10749
5790
13808
28868
23706
20498
27888
7162
31648
23885
8596
5962
13115
23069
24455
25222
23431
30584
10232
32241
10314
15456
16110
21063
226
19977
25307
23038
5244
830
8821
28620
32391
18177
17601
26217
3945
3698
30576
19862
3440
26098
14191
2142
523
22919
10170
6300
26426
15490
19057
17341
18755
5216
20525
29895
12455
10991
29076
32666
26708
2994
1835
10615
29724
28805
21356
6846
19302
24964
13081
7676
11299
3114
10191
20516
6660
5558
28894
9757
24042
27859
9816
27517
6559
24183
2664
7829
17347
29196
1253
19885
8201
20686
32039
22928
1955
15476
1562
16716
5626
22802
4240
23347
3491
20030
6108
7973
2446
882
31900
26130
20097
31665
470
17082
20677
5229
8263
22455
16928
11177
9207
20158
15363
29019
18449
21794
23043
26644
17650
16793
22669
22754
1152
18243
3030
15990
28861
23016
17170
27522
4252
10114
27622
28773
26387
19195
2591
1034
18545
7223
22436
29709
6642
16725
8361
24608
12176
25906
12326
17582
15389
14127
24712
6334
1935
6197
9382
793
24475
6390
7414
27311
30341
11637
3329
26167
9270
14792
17684
20246
15759
23580
21561
31618
30205
6139
5733
25575
32589
18122
29427
14217
23490
29078
24401
9324
5733
30736
31226
22129
21917
10453
20900
29121
31743
12019
11450
3182
19303
30889
25868
27480
15944
31599
11206
1614
2880
31030
18846
6006
1776
10993
12114
14831
22538
29780
27218
23476
12715
1244
20921
1732
2028
2575
32642
17792
29364
22277
27129
9812
13008
9511
12655
8857
3397
21047
30258
27834
28900
16273
19133
27030
6688
14000
5675
22822
10525
30451
31474
29280
24073
20641
5581
30299
28591
28972
10490
32435
12361
17586
1958
2863
29846
4297
21926
4769
28973
11388
28519
6926
529
31121
3624
7439
4229
782
31846
13943
2850
25851
28312
28726
9254
24936
21533
7038
18959
18098
13427
2596
3689
2819
27817
9800
28388
16664
24855
11576
13481
19015
30540
4498
24046
27072
27720
18601
17864
7443
23276
1834
32321
24050
1710
12544
4267
12600
16017
116
6196
10027
27733
10393
27322
12542
9194
30439
17376
28571
18219
14374
9825
24479
4553
25742
26532
1701
8581
22316
6545
1479
20131
5255
18084
13666
26779
25732
13375
11802
11025
17287
8005
25374
32519
28379
9956
12717
23634
4180
22962
2522
24394
19762
6396
5260
26310
15433
18010
31432
20040
1887
28551
12851
6260
15318
27760
29394
7623
3723
9099
14869
4997
5885
26730
32532
32499
17842
10384
31768
26823
6614
23171
12637
25821
23078
25379
1302
16939
21772
25913
9394
30455
27659
12115
2910
7495
28254
15312
20939
5018
1756
30519
11057
5589
16671
16589
13204
25216
27109
22886
29510
16434
20150
13435
15277
30538
8392
24445
16710
5088
32543
29545
5866
1020
27640
17565
28240
26117
12648
17642
16852
7036
31041
19434
19318
29674
7221
14739
27942
1046
27710
9997
28223
32124
32317
6593
12881
6651
14049
27827
19747
28622
7882
25617
6136
16829
16878
7948
11282
8084
7740
23526
26229
27349
25984
16972
22765
5034
5767
10215
19538
8733
12675
814
14347
24459
2992
126
21201
13398
1592
28012
8373
3547
11349
28250
8805
24740
31925
12872
2475
6878
25122
6381
5942
6925
8034
32518
1437
32510
12892
9455
9633
24317
29309
25456
4019
18761
28250
8921
3766
4549
19607
18513
10245
18928
13319
3435
25784
29975
32532
30202
16419
19658
15970
22567
24480
10636
20143
10944
30607
25550
1534
3539
410
16671
15348
16764
10302
16797
12674
32507
2950
25007
7108
26633
17178
9206
22057
109
16761
30592
32725
26058
31875
20031
2115
14779
32570
30650
28463
29217
18633
5123
15283
956
7366
13033
28336
6905
10420
29550
29807
22283
8908
14204
22920
15165
17917
16339
18179
19079
20273
17478
2494
351
24530
23591
10510
8657
27020
19200
20649
1490
1877
1411
4548
27602
26539
708
16248
29072
11293
11686
27242
12594
25101
2707
16299
13461
30900
25969
20189
13026
22631
7121
31640
19554
32536
22377
7692
14483
17951
19652
5863
6779
13627
21048
23161
28476
1747
25369
14101
19177
16770
25388
23227
22424
2771
13918
23541
19128
5961
182
18943
17573
23459
8841
2090
20090
25437
17645
30850
27175
28794
2671
14767
26819
18561
14345
31769
31523
21190
27214
12880
12459
27626
10984
8362
22628
4773
31300
4142
30799
20931
8588
10416
20217
2925
24790
13886
4944
2474
19867
23995
26293
30758
30058
1226
11602
11057
6365
28910
16558
22538
4813
25071
12414
8798
16322
11135
1471
8972
31149
4637
15361
19499
31706
28474
25862
20046
17184
24730
10891
25350
15963
1790
8806
8361
25372
6144
10449
15186
31390
18238
13574
22313
15100
19130
23564
20453
162
32385
30160
6543
15361
27531
6263
7816
26504
13795
24051
16077
6607
13831
10196
21626
2069
16786
21857
24973
3308
26392
8168
19181
1843
8530
4434
17579
9541
17787
18682
21383
28784
12537
704
1974
11433
31296
5209
21730
24701
10484
21737
11123
6475
14669
8915
14093
16305
28352
31695
26201
4164
14812
23358
8201
3204
13682
21179
18710
30735
32504
4339
76
13844
28207
19126
13065
6923
28676
14926
28482
1699
2228
10511
5830
23036
16692
14127
22471
7703
976
21976
3734
28299
11282
10108
29870
31865
19941
14953
16628
15809
30714
20893
7485
7286
30059
12251
5393
14992
21151
6398
25007
7649
10605
32142
14160
22603
30852
1169
30640
47
2570
26531
28107
3368
11651
21833
30436
27898
18677
19843
15564
25797
1353
11424
25953
4735
6645
22614
23381
8864
31704
17170
5169
3615
29541
14733
30617
29854
24068
11936
19409
26338
7861
31065
19328
13701
503
14670
18612
6127
6376
21809
295
16258
20397
18341
1985
11029
17172
11856
26461
20132
6520
20274
25296
25413
25318
2101
30247
29534
17533
23813
32049
30486
29467
5921
9022
5385
16694
11315
37
23360
17415
24221
1676
1120
21486
19540
10083
7457
27666
24561
20146
7682
11592
22533
7573
19772
2102
22701
1412
31988
21176
15207
10456
31156
19586
4388
9355
15644
22279
2719
10048
14549
25754
15084
31107
19911
25299
26708
23377
17292
9269
24416
23259
21540
3341
31796
2183
8170
1949
24094
11320
7622
890
31087
24527
23461
1075
31626
13042
8998
819
13626
15372
22166
10473
32585
14996
6687
8486
19790
11923
7484
3782
25286
2400
6256
25234
24166
23470
21304
6501
4016
9417
17982
9614
19141
10013
11727
1910
11898
26104
8335
22915
4269
12433
32364
21307
1242
24136
19408
1965
12521
8239
19739
25356
25674
3018
30288
11166
9540
17171
782
2516
10378
24001
19139
23483
26384
30666
9500
22419
17948
2343
29376
16828
1440
27351
7741
14810
26823
11558
10562
25393
19662
9007
6672
27729
8725
18336
23851
14840
31606
24253
28501
14644
10197
31144
25532
7368
2552
16095
6771
2513
8857
7174
15135
30633
186
17639
18419
18188
3129
9143
23774
21625
24228
7834
28418
2523
7758
22122
8297
13161
4003
17076
31731
7115
20664
20228
11667
13182
29479
23907
2747
18297
26649
21021
32533
2833
29348
3272
12660
31002
5208
29313
29962
20559
10260
28025
23259
12020
7966
1457
30577
4537
5235
30465
12498
14818
10844
26719
10415
16037
26178
10334
5854
19923
32451
4853
10251
24507
20486
1154
13482
25164
27211
32270
25647
8057
28358
24275
4226
25314
11949
22267
32173
8880
16528
30635
14808
12224
32745
1088
14712
12549
10996
26841
963
28199
4800
31253
871
11632
4486
25118
20347
10473
15163
24294
182
24256
31841
13744
26335
16621
6946
32723
12932
2069
20127
13498
26351
11695
24710
5424
10326
20837
3298
23514
14930
3517
5176
22277
17042
32760
13263
20387
9169
1851
30799
24975
1285
32492
7822
10521
22746
30815
30374
27070
31070
14258
32075
4663
11262
30709
8027
16822
8625
14990
23479
12908
18291
9692
14162
11598
31477
14107
14215
27417
30611
19336
22192
1683
3974
17605
9972
25620
1371
19582
5984
12870
6563
31565
3897
26665
8429
26331
21393
25690
13809
23369
27417
4500
23566
17358
29750
13431
9719
1697
8535
18056
13481
22553
20357
634
8864
18706
27452
1452
12106
5268
6009
10994
16060
28847
19220
664
420
26281
22608
2980
22910
30300
4785
4700
19723
2265
1805
22536
8447
30289
31206
26617
26874
9014
8183
15818
9402
30877
17677
8422
15759
15335
21784
22858
30735
2464
31618
8589
11786
30631
19647
31261
25793
8847
11814
16843
4946
10822
28671
14218
11639
25076
19933
18803
18032
14118
18734
21773
24638
5164
4624
15564
15122
16831
29286
30423
14597
3048
28459
30990
10761
11805
5127
9804
5152
19116
7456
8425
19404
29021
29491
9860
28870
31058
11747
22783
8946
12851
4177
6346
915
12424
13292
21605
22204
14694
21899
28960
22791
4430
30905
12582
7560
12882
21839
15033
2052
11641
17225
9407
14175
15205
6354
11390
29780
16435
11937
30884
30825
18083
32392
3466
8481
13945
4170
22201
25459
18979
10414
27054
4987
1947
28369
26074
21616
16527
31680
5613
17622
24000
2118
13908
15092
31144
11523
1280
9609
3679
26814
32362
25787
15039
24829
27604
12112
25287
4306
9937
22560
12093
23031
13831
1994
12439
11293
10036
16039
10524
13954
19055
13052
16967
22466
12977
24436
12652
16367
8083
21965
3997
30947
13401
10705
26831
18645
8240
2184
17977
9003
7092
20396
14333
7055
24501
14685
8714
3909
31035
28694
20545
30908
7879
7904
5591
8547
27356
20933
31738
9661
8126
14984
17335
32696
22650
11667
16155
2875
19238
27441
17816
14590
106
2301
18347
25502
9280
3995
17852
31473
21495
8357
11846
31127
3454
14568
26423
22737
9183
25297
1690
30358
23818
27938
32371
8676
7380
31209
16362
16725
16703
31155
6572
18418
5116
26365
21903
27723
29998
21995
22901
21960
9073
11325
20338
13370
17691
5502
6449
30133
5826
1918
4755
3746
25342
27395
26522
2064
10095
15548
390
18507
2818
14966
20285
18864
2417
28818
27888
13247
30729
15287
28412
2674
18352
4804
21518
26573
10278
11529
25227
29623
28811
22710
29999
3592
28962
5523
31476
24291
4692
18418
11829
16710
25848
6115
18195
15327
2001
20646
11544
31778
1624
21606
27674
1944
5308
30756
28770
6010
19752
23537
19982
21118
21060
4960
6068
22769
31486
12859
2120
22278
27530
4469
1088
4462
16295
24672
13813
8232
10789
22048
18765
19355
11684
5984
2711
16354
21150
9283
27830
2663
32424
25245
14978
5555
20724
6244
30571
6020
10267
27233
13152
9504
13593
13099
21999
25066
16281
18006
9389
31795
32628
29672
2264
27730
12148
24588
22587
10743
15709
779
9554
19388
15150
25975
23215
17661
30116
27818
9628
13802
21504
19311
29698
474
25866
27390
2441
8163
15702
24622
28673
22951
2758
16614
18177
27760
336
28116
14029
16512
1281
9314
2685
10914
13634
27878
13660
27653
15707
14617
18319
25674
3637
18123
5623
10716
25956
6869
6488
31872
17764
10318
18618
17965
17187
30722
29455
7709
19648
25631
23575
548
19859
15410
8321
14913
21357
25938
9555
6771
6433
19099
5771
5837
6723
12767
14598
24013
5167
18583
5026
27882
6221
32032
13216
21356
5012
30756
4172
6016
28493
19030
20959
29068
12058
8802
32676
20928
12342
7971
22874
25582
28158
4631
24538
1435
28593
17937
20729
25174
17268
7726
6832
10824
10905
8458
2426
5901
23328
17460
13822
12994
31358
3039
30190
5471
13726
21210
21551
3143
6694
20162
21562
24606
5371
9334
1218
11483
14855
8395
9623
30
14650
27009
25802
12739
9422
14966
30482
10935
27856
794
3950
3594
13276
30755
31244
30790
24872
28034
24170
18688
5059
3221
27835
10924
23327
15006
31372
19638
22734
17268
21159
974
12169
7288
15415
17539
25462
21451
32046
11283
4011
32702
23524
2945
5358
17034
25600
10473
9662
13890
29340
11025
21400
21765
19876
25408
371
12664
19071
26963
24461
4979
18418
15885
21609
19707
32577
26543
30488
23409
28823
15560
32441
10504
28327
20815
19260
637
3476
14831
27499
5378
30990
6562
17450
2171
30143
11649
15613
2540
4581
19163
5580
23090
18752
900
18915
13554
8238
25711
9277
9168
31253
639
26882
4577
12033
18843
14414
13154
9358
16897
3636
5546
28169
16348
1027
27485
14290
12568
14023
26851
516
32117
30483
17688
28248
11482
9726
12869
9543
18413
25452
25424
5743
9952
29071
28975
6200
8845
29101
13474
10935
23494
24099
26658
25043
3302
26026
9748
15014
6572
3033
5955
24614
20810
13035
25997
8964
5816
29379
18141
10452
25422
24877
13401
5743
22418
12135
8668
14741
20047
16608
18854
30167
9703
7999
24658
30900
13289
28583
17673
30979
5862
19769
502
1425
23169
11483
12537
9994
8646
11832
6304
22813
19389
32264
5459
7899
17982
11666
8910
13920
774
9071
6613
12214
17163
2448
30242
27382
11277
23683
14499
16816
23662
32753
14818
24461
28995
31852
197
3635
12971
19047
29047
30825
23136
20102
26790
10364
10379
27417
5871
17889
15069
19171
12438
22043
23003
18719
17787
1248
12409
6853
21833
14199
8683
7433
29681
28516
12728
27940
4695
16455
12816
11608
16202
23810
11359
6958
29882
26
14370
23299
17701
13152
13306
7362
32083
15056
5374
32243
3651
9913
16470
19701
21349
20766
8966
4487
2314
19036
31751
32398
1816
30990
3228
12562
5122
28974
8931
24713
25591
18045
12970
25688
6234
24100
28805
12951
21363
923
8989
15380
13412
17610
7883
18843
20318
22894
8038
15989
30228
6591
29785
25647
25712
18512
13048
9117
9605
13110
25364
20253
17606
28780
22988
25120
8053
14710
13991
23015
27230
10821
14048
2955
16324
26459
21249
6976
18844
28463
23219
30938
23545
6867
725
1425
5064
4564
6603
18177
19901
13666
22041
19317
2445
18096
29488
9060
3422
19614
4231
5180
23931
31894
1774
26719
23629
10931
10272
107
9863
1321
7319
2495
32672
7905
21412
32315
25222
3427
14782
20806
2705
7673
10523
28182
2229
26129
18557
27436
14589
13028
19535
5917
11316
7253
19952
17048
23013
16156
11599
27557
11911
25123
12472
11819
18929
2864
22253
7605
532
18117
3961
27765
32232
10053
19777
906
31911
16215
10076
28798
7482
7055
31780
19475
14832
32588
19085
32319
11382
26844
13750
885
3588
8423
26302
5926
18388
22794
16601
26504
2008
7618
7075
13974
28076
8076
30644
3160
970
5962
24948
24164
22781
18921
30256
20645
19992
28481
16238
29531
27623
60
22654
8803
21862
12347
4690
27065
10801
5557
2448
4923
27964
17953
25316
16815
17348
26903
8603
15624
8325
1714
19566
21477
12078
5432
21659
30299
5138
2557
29499
28148
21536
29060
28879
22263
30997
21224
2844
16106
17904
25210
27961
3158
4006
18348
28134
5066
3608
31278
2079
32290
14658
31318
16881
25609
1717
26821
30093
17085
6983
16712
12443
11795
17673
15612
7632
25530
20857
8118
11459
9155
5113
29857
27644
29281
12416
32297
18766
9966
32400
23832
11368
27695
6248
13055
8102
5593
27258
17368
31533
28500
22303
23273
17974
26558
17034
30444
17066
16179
6906
364
22256
6476
12596
5490
18946
6373
30001
6497
1479
26916
27412
12319
21405
22455
27743
17781
18228
25692
2405
14777
19363
27047
7939
28842
1717
17152
29835
18331
1668
5099
30209
14036
27978
5260
24202
8757
3955
1898
26401
7452
14327
15475
19852
9609
1766
17728
18318
6784
7749
16027
13919
29103
4376
21310
11865
28753
18624
23518
9972
27474
21639
16488
26356
21172
22394
32395
225
3121
2167
31094
29624
24866
30854
30435
17376
927
4972
27988
8287
28392
3710
1948
26702
9987
14772
418
9354
7079
26366
16994
18861
12889
23515
22324
22077
15317
295
13393
8483
22703
17716
24211
27742
4410
25629
25212
4088
9385
2647
15482
20793
21364
1417
5737
14876
10494
30622
32346
1279
2164
16408
31379
28830
248
4007
7895
4162
11519
23034
1767
27702
8439
6613
23112
1659
11566
7012
15687
6076
30447
16591
21307
6276
11502
29966
13834
27311
23269
16639
1774
14111
8320
14005
31865
21424
20343
10003
4567
17773
13561
21914
15188
13060
4689
7808
17437
23415
2244
17154
14667
25877
31928
20475
1565
6313
13340
21172
9605
23793
13315
20478
3303
1617
8594
12670
13341
20169
10781
7497
24254
2597
13965
27569
2720
27251
28165
12126
10139
26810
19397
928
31888
9705
19534
5379
23978
22542
30150
6180
6116
6088
16287
8900
13772
8703
7540
6939
390
25042
12595
12654
26643
22225
26753
6116
8660
11117
2394
27798
17481
4012
29176
2533
8479
11298
4087
12560
5738
16668
21174
17158
13359
17950
7424
31608
23333
7568
31212
25139
14524
12468
6401
26285
17503
2011
21918
23005
8694
13017
19865
14928
3504
5558
19239
1658
13567
28070
1532
2378
8420
8763
32691
21761
5484
14042
32623
24643
2683
28780
28867
31086
8648
853
10703
1068
15913
23978
23724
13636
8209
24990
14347
16566
11094
9278
31512
11782
14904
1119
165
18136
8608
11732
1412
21437
19109
23780
11828
6989
1364
30203
4033
22390
30897
17823
16357
5395
21497
31910
12403
12736
9514
15526
23029
27629
30917
18606
31124
14642
9939
11827
26169
22242
28966
31309
16626
18659
22241
20260
1175
15037
16699
28068
14509
30448
28031
1913
19338
26763
14423
27959
22458
23290
11851
27864
22690
27680
1413
29804
4707
25766
25815
19724
12546
27282
7167
528
25285
16923
12585
18562
29152
4283
26549
31442
8528
22151
9275
31946
20744
4540
20940
7109
11595
16538
11387
16156
27993
13685
5404
31970
25933
28937
21068
26321
28486
30478
25266
9091
28613
20748
17540
10214
31062
13169
22092
9450
21363
30945
13548
32124
26789
26573
15071
22712
24556
30279
1219
9306
25953
20
7956
7030
26138
8963
16699
9578
17230
13694
14791
8464
16569
2911
28666
28728
12866
32005
7815
22357
11484
25766
11162
1398
16042
1510
16921
22648
29286
5033
4137
12666
8707
18470
20213
28050
23697
17214
30635
22206
25442
8971
18886
8478
619
2747
1683
18528
18412
2975
1518
24955
24404
9343
2125
13472
4959
19249
27137
13165
15233
13417
7096
8037
6279
19923
1093
29853
25724
7775
12196
27831
6601
221
28472
11796
13729
27849
20312
31558
31132
16744
1546
30404
28834
18196
16142
20194
15115
23251
26911
26112
26116
30767
26741
19201
21045
5442
21134
5631
28065
1297
5934
32060
17613
21531
15013
13916
12068
21297
1360
30674
6810
17543
19554
11929
14992
24332
14308
15396
7671
7159
10747
20631
28857
674
11114
13623
27732
26268
343
6943
15304
19450
20562
16950
22196
26093
28819
3165
6076
25498
22403
20717
4653
32549
14975
1120
27364
783
20184
2126
14444
14787
19230
14236
11878
31595
3486
752
6190
19976
3113
12647
26299
19394
28951
6539
21959
17276
2444
26239
27696
18348
26874
15741
23455
8042
26087
22403
871
19911
21489
25416
6832
9055
7951
17269
17876
3634
11289
32018
6921
7087
8843
27198
23105
24850
902
1316
23630
15856
12823
24362
32074
11536
20668
6251
1590
6013
6180
27496
23009
24025
2871
8442
26891
3060
11350
140
12747
27294
6116
4230
20014
25529
10245
15116
22049
27794
1445
10985
6289
27249
19133
29894
28624
17774
6609
24736
13627
7559
20158
26489
6170
22000
11442
14669
23495
27306
11644
24391
16659
17495
22022
20021
7909
32333
13343
32058
28196
21225
27006
21698
19671
8741
26628
2491
15499
18029
17218
14595
8181
11183
15163
22300
15321
23730
25707
18471
16171
31400
4360
13328
5747
21254
24455
27398
3702
1939
4706
28206
2578
31935
5401
28824
20330
567
21111
25714
12355
27062
16406
26747
4526
30
17189
10683
5864
7367
21097
3442
29566
15127
31106
14158
10420
21075
8560
16352
12840
24500
16981
12113
26035
22206
25212
4177
2704
27597
1691
12113
27584
27889
30549
23026
27052
7419
3
12989
20237
17624
2740
27924
27913
28446
15730
1384
17054
485
31944
18861
13124
10968
30593
17931
4302
20876
8113
27095
31890
1040
13562
30913
25545
4549
17416
7247
6969
18543
16222
10634
24081
1933
5461
28407
13332
7654
26465
7880
761
9573
18071
10580
20242
20774
6508
7109
28461
25041
3776
22288
14264
13351
16923
13099
24872
7642
30006
25210
11675
3234
701
10634
4539
7053
28243
16129
25830
4759
13783
26581
23693
1146
18405
9149
22234
32455
17312
32229
14486
54
26031
21990
25161
10554
18054
13557
163
23257
19943
858
15386
14267
32680
12837
3029
15233
1462
11548
12233
23640
7002
10487
5666
27341
15803
8656
12260
9187
17829
7637
30930
10594
20104
2112
13967
21619
3780
14473
13059
5738
1315
31193
30208
23523
8103
9923
16933
9744
16263
11567
22787
20049
15988
3734
19071
10245
22816
12405
21367
29857
8961
4347
4009
24063
26451
13317
720
27384
7004
23629
15631
8756
17907
25822
7827
20289
67
20172
32373
7651
29645
22305
14557
32683
31148
10522
26733
4043
16157
148
20189
26921
4926
20673
12514
8882
16918
17183
10581
26097
8406
8875
14225
21472
12126
1874
3357
11262
29443
21928
24203
27041
28304
26332
15263
19342
23434
27884
12980
31175
2233
26389
17244
15780
483
14990
25671
37
25819
17269
8294
647
1979
29194
3919
1301
21613
18459
11492
20545
32112
19135
21551
21491
28632
15431
24977
20769
9879
12914
16412
16800
17148
23776
26173
29242
3705
4041
1438
768
18857
26351
29258
16865
27793
5329
1299
4988
15399
12834
32049
24115
22800
8569
9515
11137
11182
23370
16123
29581
20826
13845
31597
18175
28398
32477
200
19218
3207
30172
17584
15338
24201
885
15691
26921
8163
14698
11683
24765
24980
29775
4427
15355
29550
12607
27462
17138
18969
27597
31780
23033
1628
6205
9070
28043
408
3573
28740
20565
917
30254
9541
16268
1409
4847
13231
388
9782
29244
29127
21119
13244
24971
4220
5059
28175
13687
5191
28911
26402
14776
21845
28558
9251
23891
19176
7405
25601
28430
9723
20010
12076
32295
32549
9870
5276
13125
7103
22556
14356
13743
3657
21098
5544
28860
13834
21424
7805
19851
25079
4127
4816
13555
6870
25460
15673
28093
22691
16588
29489
11025
10035
21690
32467
24367
32279
3479
21983
9824
20419
32281
16900
24107
5104
20007
24159
15563
20798
11756
3647
31969
27166
32555
20779
29031
12527
10450
6182
5605
1895
18641
49
28391
3381
14380
5650
20142
8676
5455
1876
21030
15875
18595
25743
10776
26499
14174
22761
1185
17760
6303
31453
10979
5764
8378
6715
9978
4072
30416
12144
1585
26108
10404
20488
2934
1353
4265
19569
26124
15956
25184
23298
16512
26822
20704
29755
15326
16843
950
17487
11044
2488
19952
21983
8951
9456
23413
23049
12693
17416
18584
12705
21259
22313
22508
7102
30120
20662
14937
11641
8881
31535
7535
30449
8022
26198
29691
31123
6629
12176
11480
21400
14142
10637
19464
17614
5255
10027
6659
28828
4385
28056
23887
320
29914
4535
21073
4188
18020
17606
21859
30897
26118
21565
29479
29994
16529
24825
21274
12572
11926
4505
12396
11724
21462
17449
21775
8498
4858
766
19214
12796
27012
16608
14368
13526
18438
8303
6013
20201
14993
19135
17904
8609
30065
6470
5165
25524
6679
5880
21350
2912
18519
7344
4121
28148
20436
3282
28460
30865
5560
29230
24891
26162
680
1576
8241
5866
3319
25110
11029
27757
13081
24554
13351
20434
31323
28177
13612
17559
17874
23195
7686
11494
6545
22939
20871
8982
7711
19153
25735
3189
30761
646
21300
18757
18547
6584
8362
9732
26644
2423
5316
29169
13539
5519
3121
24267
557
19047
3786
3548
425
4649
8226
28214
14509
9507
32351
20541
21921
22894
17225
21093
31157
5581
7073
2877
19151
27607
2228
5293
25031
7513
24624
23675
26839
4342
32309
24084
32333
31248
23983
10634
12163
14316
2788
23513
8209
12304
9289
27758
12609
10224
23962
29674
15812
25034
14633
20515
15779
207
27511
18795
26232
30851
7425
7446
7133
2918
32348
4406
17445
7380
25220
30121
21834
23082
21362
13910
11815
32554
21740
25267
4071
14753
18849
20107
19390
28742
11893
12286
30935
28902
8218
24265
18061
18878
24288
6343
16093
21033
17614
28600
3355
9851
25073
17474
7397
6956
13044
29237
9558
27449
9713
4627
29819
9671
24967
29648
3851
7945
557
14038
30802
26725
16837
9036
13935
5074
15733
10392
26303
18053
19890
9506
30361
24268
9373
23387
21564
12602
9875
14335
11269
8452
12543
19863
1510
6059
17267
10561
22291
8155
16120
25779
23550
10132
12194
6526
20102
11655
21607
6544
19563
24003
22832
4349
518
24976
30513
29951
27959
26267
28534
25659
19614
8532
5055
23621
3854
20117
20878
26727
22334
30852
29566
11678
26562
698
3286
30694
2874
16805
17246
11447
19658
8490
27506
18128
5322
7823
10836
16179
32190
6553
4807
1905
30088
16625
28633
31015
32476
7628
12800
24265
9973
715
12904
31134
902
25120
16524
10508
19700
20211
11780
5910
26818
11780
19613
3619
30797
22929
4783
23553
16313
15482
22955
26153
31019
10403
27380
21317
26680
27802
20208
28143
16798
27770
4702
9404
15154
16911
30186
19321
22554
10298
15358
436
17724
13719
2268
25215
23030
10846
2282
24944
4368
21895
20812
30956
3567
21810
11960
3493
523
13893
22150
11106
1699
14167
11783
32511
16047
13005
7192
12724
21782
29762
6391
2458
11041
32045
28757
29546
19247
31933
27052
22920
29611
32520
19154
27713
20028
5989
26831
16209
10043
2582
15084
24745
14698
14635
9228
19567
25059
22690
26175
25157
20558
11731
29845
16334
1879
24076
5936
9326
16736
4216
5533
16978
3442
26437
23397
8369
14458
5125
19166
29521
22194
2901
12871
2892
349
7101
5908
17684
7351
27608
19335
6069
14892
9141
640
10586
27336
17788
21910
3347
5615
31061
29030
3541
10318
20613
23595
10947
12049
17370
2704
10411
13142
29002
14018
23764
27106
23767
11720
5367
2835
14518
1815
16523
26390
30895
31329
16197
2650
13511
18351
30944
1605
7965
26031
8730
12837
4370
27215
21247
30825
29612
24970
21097
1041
1853
1666
15048
25187
20031
4816
23583
27872
8067
6168
32591
3958
9099
6112
28312
16119
16692
19874
26461
13258
15767
24351
22823
15585
4914
26359
5613
16106
17475
3447
22419
13258
11381
9138
16048
15943
5566
29907
11924
9732
5256
16817
10890
20403
28431
6820
6234
1414
5130
2968
3090
9190
25741
20063
262
32360
21806
30540
9238
4349
10855
20477
4911
20841
21563
21624
13845
13558
11548
1658
5215
15977
8205
2827
19651
10293
31236
18006
4499
32495
27282
27064
20104
16386
30661
10263
23487
20644
26958
1141
25089
24840
28383
28356
21575
4053
1495
8956
8829
25048
25121
32364
2439
25077
24153
16205
9346
32100
14129
25245
9036
28698
5652
5163
19014
21892
12041
25838
8024
12667
30169
15258
26678
1397
11892
13173
24034
17912
23697
23911
14707
17493
22165
5969
32276
24722
32694
28064
9295
6056
28000
15138
2700
16879
31703
31512
20180
5590
5663
396
30171
17111
13593
3557
830
14506
23022
27576
26377
28345
1968
5601
25724
16341
63
4051
22031
11815
18538
26924
29363
9065
14167
8077
30811
342
5413
21160
24507
5726
3279
32410
32079
19103
30036
12412
13216
6417
13845
26932
6851
10496
19070
8849
16674
7104
10472
10904
27007
25244
4286
18712
27189
12559
991
25477
4545
24375
28484
4866
13442
20614
18147
24768
18365
12987
6355
7303
11748
10512
23472
402
6168
14261
31809
7584
8428
894
28248
11848
1132
14809
17658
26765
6494
13570
5568
24242
28615
12410
11133
30800
14513
8629
19489
12453
23340
2322
5598
3887
23187
20241
14217
3705
29200
449
2114
25910
2402
1655
16983
25996
26334
5061
25958
26290
17076
1962
962
27837
8052
28167
32536
695
3025
19282
30803
31474
12708
32654
30396
2459
22068
21883
2662
28050
12212
4618
28105
7033
13325
6163
27309
7948
17630
29770
1610
9904
23745
25968
14509
27982
8657
13510
13149
30305
361
29383
31551
20558
14638
27670
22967
20725
29007
27318
26896
133
19467
6009
16414
9876
3700
4027
289
11631
18035
847
20461
20398
4621
28346
29512
17420
27620
17823
9620
23414
8449
8571
22702
17762
21456
18579
28949
28258
12396
8490
15439
11513
13853
25846
9864
12461
14880
10453
29565
26461
1958
3261
32408
19669
16670
10225
18012
22688
26295
1403
18180
32285
9761
17622
26727
29398
22420
13035
799
12044
19476
28479
16618
23703
20723
29034
23632
10221
3223
715
903
10112
6270
122
25235
19789
31870
31102
6321
5809
28498
32064
7414
28287
82
11840
22068
30033
3714
27911
27165
9243
12494
12125
1963
32006
29588
22459
12479
15995
3939
8451
18184
19581
32003
29295
24614
17469
2741
12231
9487
28136
22203
23000
16562
196
21275
4897
8667
28027
13985
23759
5207
8887
32547
8172
30040
32750
26888
22227
1819
27264
11
27367
10183
14591
11581
6788
28569
26829
26185
31542
31294
20973
25084
27689
24448
19731
30213
3297
7973
32765
505
3115
1044
17414
2970
25428
17082
23289
28760
20888
22188
26147
20504
11229
25486
21420
5429
21666
7475
13863
15812
28722
31493
14951
18973
10525
15016
12180
29847
6376